输入差分 输出差分
1		3
1		7
1		3
1		15
1		3
1		7
1		3
1		15
1		3
1		7
1		3
1		15
1		3
1		7
1		3
1		15
1		3
1		7
1		3
1		15
1		3
1		7
1		3
1		15
1		3
1		7
1		3
1		15
1		3
1		7
1		3
1		15
2		2
2		6
2		2
2		14
2		2
2		6
2		2
2		14
2		2
2		6
2		2
2		14
2		2
2		6
2		2
2		14
2		2
2		6
2		2
2		14
2		2
2		6
2		2
2		14
2		2
2		6
2		2
2		14
2		2
2		6
2		2
2		14
3		5
3		1
3		13
3		1
3		5
3		1
3		13
3		1
3		5
3		1
3		13
3		1
3		5
3		1
3		13
3		1
3		5
3		1
3		13
3		1
3		5
3		1
3		13
3		1
3		5
3		1
3		13
3		1
3		5
3		1
3		13
3		1
4		4
4		4
4		4
4		12
4		4
4		4
4		4
4		12
4		4
4		4
4		4
4		12
4		4
4		4
4		4
4		12
4		4
4		4
4		4
4		12
4		4
4		4
4		4
4		12
4		4
4		4
4		4
4		12
4		4
4		4
4		4
4		12
5		7
5		7
5		11
5		3
5		7
5		7
5		11
5		3
5		7
5		7
5		11
5		3
5		7
5		7
5		11
5		3
5		7
5		7
5		11
5		3
5		7
5		7
5		11
5		3
5		7
5		7
5		11
5		3
5		7
5		7
5		11
5		3
6		6
6		10
6		6
6		2
6		6
6		10
6		6
6		2
6		6
6		10
6		6
6		2
6		6
6		10
6		6
6		2
6		6
6		10
6		6
6		2
6		6
6		10
6		6
6		2
6		6
6		10
6		6
6		2
6		6
6		10
6		6
6		2
7		9
7		5
7		5
7		1
7		9
7		5
7		5
7		1
7		9
7		5
7		5
7		1
7		9
7		5
7		5
7		1
7		9
7		5
7		5
7		1
7		9
7		5
7		5
7		1
7		9
7		5
7		5
7		1
7		9
7		5
7		5
7		1
8		8
8		8
8		8
8		8
8		8
8		8
8		8
8		8
8		8
8		8
8		8
8		8
8		8
8		8
8		8
8		8
8		8
8		8
8		8
8		8
8		8
8		8
8		8
8		8
8		8
8		8
8		8
8		8
8		8
8		8
8		8
8		8
9		11
9		11
9		15
9		15
9		11
9		11
9		7
9		7
9		11
9		11
9		15
9		15
9		11
9		11
9		7
9		7
9		11
9		11
9		15
9		15
9		11
9		11
9		7
9		7
9		11
9		11
9		15
9		15
9		11
9		11
9		7
9		7
10		10
10		14
10		10
10		14
10		10
10		6
10		10
10		6
10		10
10		14
10		10
10		14
10		10
10		6
10		10
10		6
10		10
10		14
10		10
10		14
10		10
10		6
10		10
10		6
10		10
10		14
10		10
10		14
10		10
10		6
10		10
10		6
11		13
11		9
11		9
11		13
11		5
11		9
11		9
11		5
11		13
11		9
11		9
11		13
11		5
11		9
11		9
11		5
11		13
11		9
11		9
11		13
11		5
11		9
11		9
11		5
11		13
11		9
11		9
11		13
11		5
11		9
11		9
11		5
12		12
12		12
12		12
12		4
12		12
12		12
12		12
12		4
12		12
12		12
12		12
12		4
12		12
12		12
12		12
12		4
12		12
12		12
12		12
12		4
12		12
12		12
12		12
12		4
12		12
12		12
12		12
12		4
12		12
12		12
12		12
12		4
13		15
13		15
13		3
13		11
13		15
13		15
13		11
13		3
13		15
13		15
13		3
13		11
13		15
13		15
13		11
13		3
13		15
13		15
13		3
13		11
13		15
13		15
13		11
13		3
13		15
13		15
13		3
13		11
13		15
13		15
13		11
13		3
14		14
14		2
14		14
14		10
14		14
14		10
14		14
14		2
14		14
14		2
14		14
14		10
14		14
14		10
14		14
14		2
14		14
14		2
14		14
14		10
14		14
14		10
14		14
14		2
14		14
14		2
14		14
14		10
14		14
14		10
14		14
14		2
15		1
15		13
15		13
15		9
15		9
15		13
15		13
15		1
15		1
15		13
15		13
15		9
15		9
15		13
15		13
15		1
15		1
15		13
15		13
15		9
15		9
15		13
15		13
15		1
15		1
15		13
15		13
15		9
15		9
15		13
15		13
15		1
16		0
16		0
16		0
16		0
16		0
16		0
16		0
16		0
16		0
16		0
16		0
16		0
16		0
16		0
16		0
16		0
16		0
16		0
16		0
16		0
16		0
16		0
16		0
16		0
16		0
16		0
16		0
16		0
16		0
16		0
16		0
16		0
17		3
17		3
17		7
17		7
17		3
17		3
17		15
17		15
17		3
17		3
17		7
17		7
17		3
17		3
17		15
17		15
17		3
17		3
17		7
17		7
17		3
17		3
17		15
17		15
17		3
17		3
17		7
17		7
17		3
17		3
17		15
17		15
18		2
18		6
18		2
18		6
18		2
18		14
18		2
18		14
18		2
18		6
18		2
18		6
18		2
18		14
18		2
18		14
18		2
18		6
18		2
18		6
18		2
18		14
18		2
18		14
18		2
18		6
18		2
18		6
18		2
18		14
18		2
18		14
19		5
19		1
19		1
19		5
19		13
19		1
19		1
19		13
19		5
19		1
19		1
19		5
19		13
19		1
19		1
19		13
19		5
19		1
19		1
19		5
19		13
19		1
19		1
19		13
19		5
19		1
19		1
19		5
19		13
19		1
19		1
19		13
20		4
20		4
20		4
20		12
20		4
20		4
20		4
20		12
20		4
20		4
20		4
20		12
20		4
20		4
20		4
20		12
20		4
20		4
20		4
20		12
20		4
20		4
20		4
20		12
20		4
20		4
20		4
20		12
20		4
20		4
20		4
20		12
21		7
21		7
21		11
21		3
21		7
21		7
21		3
21		11
21		7
21		7
21		11
21		3
21		7
21		7
21		3
21		11
21		7
21		7
21		11
21		3
21		7
21		7
21		3
21		11
21		7
21		7
21		11
21		3
21		7
21		7
21		3
21		11
22		6
22		10
22		6
22		2
22		6
22		2
22		6
22		10
22		6
22		10
22		6
22		2
22		6
22		2
22		6
22		10
22		6
22		10
22		6
22		2
22		6
22		2
22		6
22		10
22		6
22		10
22		6
22		2
22		6
22		2
22		6
22		10
23		9
23		5
23		5
23		1
23		1
23		5
23		5
23		9
23		9
23		5
23		5
23		1
23		1
23		5
23		5
23		9
23		9
23		5
23		5
23		1
23		1
23		5
23		5
23		9
23		9
23		5
23		5
23		1
23		1
23		5
23		5
23		9
24		8
24		8
24		8
24		8
24		8
24		8
24		8
24		8
24		8
24		8
24		8
24		8
24		8
24		8
24		8
24		8
24		8
24		8
24		8
24		8
24		8
24		8
24		8
24		8
24		8
24		8
24		8
24		8
24		8
24		8
24		8
24		8
25		11
25		11
25		15
25		15
25		11
25		11
25		7
25		7
25		11
25		11
25		15
25		15
25		11
25		11
25		7
25		7
25		11
25		11
25		15
25		15
25		11
25		11
25		7
25		7
25		11
25		11
25		15
25		15
25		11
25		11
25		7
25		7
26		10
26		14
26		10
26		14
26		10
26		6
26		10
26		6
26		10
26		14
26		10
26		14
26		10
26		6
26		10
26		6
26		10
26		14
26		10
26		14
26		10
26		6
26		10
26		6
26		10
26		14
26		10
26		14
26		10
26		6
26		10
26		6
27		13
27		9
27		9
27		13
27		5
27		9
27		9
27		5
27		13
27		9
27		9
27		13
27		5
27		9
27		9
27		5
27		13
27		9
27		9
27		13
27		5
27		9
27		9
27		5
27		13
27		9
27		9
27		13
27		5
27		9
27		9
27		5
28		12
28		12
28		12
28		4
28		12
28		12
28		12
28		4
28		12
28		12
28		12
28		4
28		12
28		12
28		12
28		4
28		12
28		12
28		12
28		4
28		12
28		12
28		12
28		4
28		12
28		12
28		12
28		4
28		12
28		12
28		12
28		4
29		15
29		15
29		3
29		11
29		15
29		15
29		11
29		3
29		15
29		15
29		3
29		11
29		15
29		15
29		11
29		3
29		15
29		15
29		3
29		11
29		15
29		15
29		11
29		3
29		15
29		15
29		3
29		11
29		15
29		15
29		11
29		3
30		14
30		2
30		14
30		10
30		14
30		10
30		14
30		2
30		14
30		2
30		14
30		10
30		14
30		10
30		14
30		2
30		14
30		2
30		14
30		10
30		14
30		10
30		14
30		2
30		14
30		2
30		14
30		10
30		14
30		10
30		14
30		2
31		1
31		13
31		13
31		9
31		9
31		13
31		13
31		1
31		1
31		13
31		13
31		9
31		9
31		13
31		13
31		1
31		1
31		13
31		13
31		9
31		9
31		13
31		13
31		1
31		1
31		13
31		13
31		9
31		9
31		13
31		13
31		1
32		0
32		0
32		0
32		0
32		0
32		0
32		0
32		0
32		0
32		0
32		0
32		0
32		0
32		0
32		0
32		0
32		0
32		0
32		0
32		0
32		0
32		0
32		0
32		0
32		0
32		0
32		0
32		0
32		0
32		0
32		0
32		0
33		3
33		3
33		7
33		7
33		3
33		3
33		15
33		15
33		3
33		3
33		7
33		7
33		3
33		3
33		15
33		15
33		3
33		3
33		7
33		7
33		3
33		3
33		15
33		15
33		3
33		3
33		7
33		7
33		3
33		3
33		15
33		15
34		2
34		6
34		2
34		6
34		2
34		14
34		2
34		14
34		2
34		6
34		2
34		6
34		2
34		14
34		2
34		14
34		2
34		6
34		2
34		6
34		2
34		14
34		2
34		14
34		2
34		6
34		2
34		6
34		2
34		14
34		2
34		14
35		5
35		1
35		1
35		5
35		13
35		1
35		1
35		13
35		5
35		1
35		1
35		5
35		13
35		1
35		1
35		13
35		5
35		1
35		1
35		5
35		13
35		1
35		1
35		13
35		5
35		1
35		1
35		5
35		13
35		1
35		1
35		13
36		4
36		4
36		4
36		12
36		4
36		4
36		4
36		12
36		4
36		4
36		4
36		12
36		4
36		4
36		4
36		12
36		4
36		4
36		4
36		12
36		4
36		4
36		4
36		12
36		4
36		4
36		4
36		12
36		4
36		4
36		4
36		12
37		7
37		7
37		11
37		3
37		7
37		7
37		3
37		11
37		7
37		7
37		11
37		3
37		7
37		7
37		3
37		11
37		7
37		7
37		11
37		3
37		7
37		7
37		3
37		11
37		7
37		7
37		11
37		3
37		7
37		7
37		3
37		11
38		6
38		10
38		6
38		2
38		6
38		2
38		6
38		10
38		6
38		10
38		6
38		2
38		6
38		2
38		6
38		10
38		6
38		10
38		6
38		2
38		6
38		2
38		6
38		10
38		6
38		10
38		6
38		2
38		6
38		2
38		6
38		10
39		9
39		5
39		5
39		1
39		1
39		5
39		5
39		9
39		9
39		5
39		5
39		1
39		1
39		5
39		5
39		9
39		9
39		5
39		5
39		1
39		1
39		5
39		5
39		9
39		9
39		5
39		5
39		1
39		1
39		5
39		5
39		9
40		8
40		8
40		8
40		8
40		8
40		8
40		8
40		8
40		8
40		8
40		8
40		8
40		8
40		8
40		8
40		8
40		8
40		8
40		8
40		8
40		8
40		8
40		8
40		8
40		8
40		8
40		8
40		8
40		8
40		8
40		8
40		8
41		11
41		11
41		15
41		15
41		11
41		11
41		7
41		7
41		11
41		11
41		15
41		15
41		11
41		11
41		7
41		7
41		11
41		11
41		15
41		15
41		11
41		11
41		7
41		7
41		11
41		11
41		15
41		15
41		11
41		11
41		7
41		7
42		10
42		14
42		10
42		14
42		10
42		6
42		10
42		6
42		10
42		14
42		10
42		14
42		10
42		6
42		10
42		6
42		10
42		14
42		10
42		14
42		10
42		6
42		10
42		6
42		10
42		14
42		10
42		14
42		10
42		6
42		10
42		6
43		13
43		9
43		9
43		13
43		5
43		9
43		9
43		5
43		13
43		9
43		9
43		13
43		5
43		9
43		9
43		5
43		13
43		9
43		9
43		13
43		5
43		9
43		9
43		5
43		13
43		9
43		9
43		13
43		5
43		9
43		9
43		5
44		12
44		12
44		12
44		4
44		12
44		12
44		12
44		4
44		12
44		12
44		12
44		4
44		12
44		12
44		12
44		4
44		12
44		12
44		12
44		4
44		12
44		12
44		12
44		4
44		12
44		12
44		12
44		4
44		12
44		12
44		12
44		4
45		15
45		15
45		3
45		11
45		15
45		15
45		11
45		3
45		15
45		15
45		3
45		11
45		15
45		15
45		11
45		3
45		15
45		15
45		3
45		11
45		15
45		15
45		11
45		3
45		15
45		15
45		3
45		11
45		15
45		15
45		11
45		3
46		14
46		2
46		14
46		10
46		14
46		10
46		14
46		2
46		14
46		2
46		14
46		10
46		14
46		10
46		14
46		2
46		14
46		2
46		14
46		10
46		14
46		10
46		14
46		2
46		14
46		2
46		14
46		10
46		14
46		10
46		14
46		2
47		1
47		13
47		13
47		9
47		9
47		13
47		13
47		1
47		1
47		13
47		13
47		9
47		9
47		13
47		13
47		1
47		1
47		13
47		13
47		9
47		9
47		13
47		13
47		1
47		1
47		13
47		13
47		9
47		9
47		13
47		13
47		1
48		0
48		0
48		0
48		0
48		0
48		0
48		0
48		0
48		0
48		0
48		0
48		0
48		0
48		0
48		0
48		0
48		0
48		0
48		0
48		0
48		0
48		0
48		0
48		0
48		0
48		0
48		0
48		0
48		0
48		0
48		0
48		0
49		3
49		3
49		7
49		7
49		3
49		3
49		15
49		15
49		3
49		3
49		7
49		7
49		3
49		3
49		15
49		15
49		3
49		3
49		7
49		7
49		3
49		3
49		15
49		15
49		3
49		3
49		7
49		7
49		3
49		3
49		15
49		15
50		2
50		6
50		2
50		6
50		2
50		14
50		2
50		14
50		2
50		6
50		2
50		6
50		2
50		14
50		2
50		14
50		2
50		6
50		2
50		6
50		2
50		14
50		2
50		14
50		2
50		6
50		2
50		6
50		2
50		14
50		2
50		14
51		5
51		1
51		1
51		5
51		13
51		1
51		1
51		13
51		5
51		1
51		1
51		5
51		13
51		1
51		1
51		13
51		5
51		1
51		1
51		5
51		13
51		1
51		1
51		13
51		5
51		1
51		1
51		5
51		13
51		1
51		1
51		13
52		4
52		4
52		4
52		12
52		4
52		4
52		4
52		12
52		4
52		4
52		4
52		12
52		4
52		4
52		4
52		12
52		4
52		4
52		4
52		12
52		4
52		4
52		4
52		12
52		4
52		4
52		4
52		12
52		4
52		4
52		4
52		12
53		7
53		7
53		11
53		3
53		7
53		7
53		3
53		11
53		7
53		7
53		11
53		3
53		7
53		7
53		3
53		11
53		7
53		7
53		11
53		3
53		7
53		7
53		3
53		11
53		7
53		7
53		11
53		3
53		7
53		7
53		3
53		11
54		6
54		10
54		6
54		2
54		6
54		2
54		6
54		10
54		6
54		10
54		6
54		2
54		6
54		2
54		6
54		10
54		6
54		10
54		6
54		2
54		6
54		2
54		6
54		10
54		6
54		10
54		6
54		2
54		6
54		2
54		6
54		10
55		9
55		5
55		5
55		1
55		1
55		5
55		5
55		9
55		9
55		5
55		5
55		1
55		1
55		5
55		5
55		9
55		9
55		5
55		5
55		1
55		1
55		5
55		5
55		9
55		9
55		5
55		5
55		1
55		1
55		5
55		5
55		9
56		8
56		8
56		8
56		8
56		8
56		8
56		8
56		8
56		8
56		8
56		8
56		8
56		8
56		8
56		8
56		8
56		8
56		8
56		8
56		8
56		8
56		8
56		8
56		8
56		8
56		8
56		8
56		8
56		8
56		8
56		8
56		8
57		11
57		11
57		15
57		15
57		11
57		11
57		7
57		7
57		11
57		11
57		15
57		15
57		11
57		11
57		7
57		7
57		11
57		11
57		15
57		15
57		11
57		11
57		7
57		7
57		11
57		11
57		15
57		15
57		11
57		11
57		7
57		7
58		10
58		14
58		10
58		14
58		10
58		6
58		10
58		6
58		10
58		14
58		10
58		14
58		10
58		6
58		10
58		6
58		10
58		14
58		10
58		14
58		10
58		6
58		10
58		6
58		10
58		14
58		10
58		14
58		10
58		6
58		10
58		6
59		13
59		9
59		9
59		13
59		5
59		9
59		9
59		5
59		13
59		9
59		9
59		13
59		5
59		9
59		9
59		5
59		13
59		9
59		9
59		13
59		5
59		9
59		9
59		5
59		13
59		9
59		9
59		13
59		5
59		9
59		9
59		5
60		12
60		12
60		12
60		4
60		12
60		12
60		12
60		4
60		12
60		12
60		12
60		4
60		12
60		12
60		12
60		4
60		12
60		12
60		12
60		4
60		12
60		12
60		12
60		4
60		12
60		12
60		12
60		4
60		12
60		12
60		12
60		4
61		15
61		15
61		3
61		11
61		15
61		15
61		11
61		3
61		15
61		15
61		3
61		11
61		15
61		15
61		11
61		3
61		15
61		15
61		3
61		11
61		15
61		15
61		11
61		3
61		15
61		15
61		3
61		11
61		15
61		15
61		11
61		3
62		14
62		2
62		14
62		10
62		14
62		10
62		14
62		2
62		14
62		2
62		14
62		10
62		14
62		10
62		14
62		2
62		14
62		2
62		14
62		10
62		14
62		10
62		14
62		2
62		14
62		2
62		14
62		10
62		14
62		10
62		14
62		2
63		1
63		13
63		13
63		9
63		9
63		13
63		13
63		1
63		1
63		13
63		13
63		9
63		9
63		13
63		13
63		1
63		1
63		13
63		13
63		9
63		9
63		13
63		13
63		1
63		1
63		13
63		13
63		9
63		9
63		13
63		13
63		1
