输入差分 输出差分
1		0
1		0
1		0
1		0
1		0
1		0
1		0
1		0
1		0
1		0
1		0
1		0
1		0
1		0
1		0
1		0
1		0
1		0
1		0
1		0
1		0
1		0
1		0
1		0
1		0
1		0
1		0
1		0
1		0
1		0
1		0
1		0
2		0
2		0
2		0
2		0
2		0
2		0
2		0
2		0
2		0
2		0
2		0
2		0
2		0
2		0
2		0
2		0
2		0
2		0
2		0
2		0
2		0
2		0
2		0
2		0
2		0
2		0
2		0
2		0
2		0
2		0
2		0
2		0
3		0
3		0
3		0
3		0
3		0
3		0
3		0
3		0
3		0
3		0
3		0
3		0
3		0
3		0
3		0
3		0
3		0
3		0
3		0
3		0
3		0
3		0
3		0
3		0
3		0
3		0
3		0
3		0
3		0
3		0
3		0
3		0
4		14
4		14
4		14
4		14
4		11
4		11
4		11
4		11
4		10
4		10
4		10
4		10
4		5
4		5
4		5
4		5
4		12
4		12
4		12
4		12
4		13
4		13
4		13
4		13
4		6
4		6
4		6
4		6
4		9
4		9
4		9
4		9
5		14
5		14
5		14
5		14
5		11
5		11
5		11
5		11
5		10
5		10
5		10
5		10
5		5
5		5
5		5
5		5
5		12
5		12
5		12
5		12
5		13
5		13
5		13
5		13
5		6
5		6
5		6
5		6
5		9
5		9
5		9
5		9
6		14
6		14
6		14
6		14
6		11
6		11
6		11
6		11
6		10
6		10
6		10
6		10
6		5
6		5
6		5
6		5
6		12
6		12
6		12
6		12
6		13
6		13
6		13
6		13
6		6
6		6
6		6
6		6
6		9
6		9
6		9
6		9
7		14
7		14
7		14
7		14
7		11
7		11
7		11
7		11
7		10
7		10
7		10
7		10
7		5
7		5
7		5
7		5
7		12
7		12
7		12
7		12
7		13
7		13
7		13
7		13
7		6
7		6
7		6
7		6
7		9
7		9
7		9
7		9
8		10
8		10
8		10
8		10
8		15
8		15
8		15
8		15
8		12
8		12
8		12
8		12
8		3
8		3
8		3
8		3
8		13
8		13
8		13
8		13
8		12
8		12
8		12
8		12
8		3
8		3
8		3
8		3
8		12
8		12
8		12
8		12
9		10
9		10
9		10
9		10
9		15
9		15
9		15
9		15
9		12
9		12
9		12
9		12
9		3
9		3
9		3
9		3
9		13
9		13
9		13
9		13
9		12
9		12
9		12
9		12
9		3
9		3
9		3
9		3
9		12
9		12
9		12
9		12
10		10
10		10
10		10
10		10
10		15
10		15
10		15
10		15
10		12
10		12
10		12
10		12
10		3
10		3
10		3
10		3
10		13
10		13
10		13
10		13
10		12
10		12
10		12
10		12
10		3
10		3
10		3
10		3
10		12
10		12
10		12
10		12
11		10
11		10
11		10
11		10
11		15
11		15
11		15
11		15
11		12
11		12
11		12
11		12
11		3
11		3
11		3
11		3
11		13
11		13
11		13
11		13
11		12
11		12
11		12
11		12
11		3
11		3
11		3
11		3
11		12
11		12
11		12
11		12
12		1
12		1
12		1
12		1
12		4
12		4
12		4
12		4
12		9
12		9
12		9
12		9
12		6
12		6
12		6
12		6
12		0
12		0
12		0
12		0
12		1
12		1
12		1
12		1
12		10
12		10
12		10
12		10
12		5
12		5
12		5
12		5
13		1
13		1
13		1
13		1
13		4
13		4
13		4
13		4
13		9
13		9
13		9
13		9
13		6
13		6
13		6
13		6
13		0
13		0
13		0
13		0
13		1
13		1
13		1
13		1
13		10
13		10
13		10
13		10
13		5
13		5
13		5
13		5
14		1
14		1
14		1
14		1
14		4
14		4
14		4
14		4
14		9
14		9
14		9
14		9
14		6
14		6
14		6
14		6
14		0
14		0
14		0
14		0
14		1
14		1
14		1
14		1
14		10
14		10
14		10
14		10
14		5
14		5
14		5
14		5
15		1
15		1
15		1
15		1
15		4
15		4
15		4
15		4
15		9
15		9
15		9
15		9
15		6
15		6
15		6
15		6
15		0
15		0
15		0
15		0
15		1
15		1
15		1
15		1
15		10
15		10
15		10
15		10
15		5
15		5
15		5
15		5
16		3
16		3
16		3
16		3
16		7
16		7
16		7
16		7
16		5
16		5
16		5
16		5
16		11
16		11
16		11
16		11
16		9
16		9
16		9
16		9
16		3
16		3
16		3
16		3
16		7
16		7
16		7
16		7
16		3
16		3
16		3
16		3
17		3
17		3
17		3
17		3
17		7
17		7
17		7
17		7
17		5
17		5
17		5
17		5
17		11
17		11
17		11
17		11
17		9
17		9
17		9
17		9
17		3
17		3
17		3
17		3
17		7
17		7
17		7
17		7
17		3
17		3
17		3
17		3
18		3
18		3
18		3
18		3
18		7
18		7
18		7
18		7
18		5
18		5
18		5
18		5
18		11
18		11
18		11
18		11
18		9
18		9
18		9
18		9
18		3
18		3
18		3
18		3
18		7
18		7
18		7
18		7
18		3
18		3
18		3
18		3
19		3
19		3
19		3
19		3
19		7
19		7
19		7
19		7
19		5
19		5
19		5
19		5
19		11
19		11
19		11
19		11
19		9
19		9
19		9
19		9
19		3
19		3
19		3
19		3
19		7
19		7
19		7
19		7
19		3
19		3
19		3
19		3
20		9
20		9
20		9
20		9
20		13
20		13
20		13
20		13
20		0
20		0
20		0
20		0
20		14
20		14
20		14
20		14
20		15
20		15
20		15
20		15
20		5
20		5
20		5
20		5
20		14
20		14
20		14
20		14
20		10
20		10
20		10
20		10
21		9
21		9
21		9
21		9
21		13
21		13
21		13
21		13
21		0
21		0
21		0
21		0
21		14
21		14
21		14
21		14
21		15
21		15
21		15
21		15
21		5
21		5
21		5
21		5
21		14
21		14
21		14
21		14
21		10
21		10
21		10
21		10
22		9
22		9
22		9
22		9
22		13
22		13
22		13
22		13
22		0
22		0
22		0
22		0
22		14
22		14
22		14
22		14
22		15
22		15
22		15
22		15
22		5
22		5
22		5
22		5
22		14
22		14
22		14
22		14
22		10
22		10
22		10
22		10
23		9
23		9
23		9
23		9
23		13
23		13
23		13
23		13
23		0
23		0
23		0
23		0
23		14
23		14
23		14
23		14
23		15
23		15
23		15
23		15
23		5
23		5
23		5
23		5
23		14
23		14
23		14
23		14
23		10
23		10
23		10
23		10
24		15
24		15
24		15
24		15
24		4
24		4
24		4
24		4
24		9
24		9
24		9
24		9
24		8
24		8
24		8
24		8
24		10
24		10
24		10
24		10
24		15
24		15
24		15
24		15
24		4
24		4
24		4
24		4
24		15
24		15
24		15
24		15
25		15
25		15
25		15
25		15
25		4
25		4
25		4
25		4
25		9
25		9
25		9
25		9
25		8
25		8
25		8
25		8
25		10
25		10
25		10
25		10
25		15
25		15
25		15
25		15
25		4
25		4
25		4
25		4
25		15
25		15
25		15
25		15
26		15
26		15
26		15
26		15
26		4
26		4
26		4
26		4
26		9
26		9
26		9
26		9
26		8
26		8
26		8
26		8
26		10
26		10
26		10
26		10
26		15
26		15
26		15
26		15
26		4
26		4
26		4
26		4
26		15
26		15
26		15
26		15
27		15
27		15
27		15
27		15
27		4
27		4
27		4
27		4
27		9
27		9
27		9
27		9
27		8
27		8
27		8
27		8
27		10
27		10
27		10
27		10
27		15
27		15
27		15
27		15
27		4
27		4
27		4
27		4
27		15
27		15
27		15
27		15
28		10
28		10
28		10
28		10
28		1
28		1
28		1
28		1
28		3
28		3
28		3
28		3
28		2
28		2
28		2
28		2
28		3
28		3
28		3
28		3
28		6
28		6
28		6
28		6
28		2
28		2
28		2
28		2
28		9
28		9
28		9
28		9
29		10
29		10
29		10
29		10
29		1
29		1
29		1
29		1
29		3
29		3
29		3
29		3
29		2
29		2
29		2
29		2
29		3
29		3
29		3
29		3
29		6
29		6
29		6
29		6
29		2
29		2
29		2
29		2
29		9
29		9
29		9
29		9
30		10
30		10
30		10
30		10
30		1
30		1
30		1
30		1
30		3
30		3
30		3
30		3
30		2
30		2
30		2
30		2
30		3
30		3
30		3
30		3
30		6
30		6
30		6
30		6
30		2
30		2
30		2
30		2
30		9
30		9
30		9
30		9
31		10
31		10
31		10
31		10
31		1
31		1
31		1
31		1
31		3
31		3
31		3
31		3
31		2
31		2
31		2
31		2
31		3
31		3
31		3
31		3
31		6
31		6
31		6
31		6
31		2
31		2
31		2
31		2
31		9
31		9
31		9
31		9
32		12
32		12
32		12
32		12
32		14
32		14
32		14
32		14
32		11
32		11
32		11
32		11
32		13
32		13
32		13
32		13
32		6
32		6
32		6
32		6
32		10
32		10
32		10
32		10
32		9
32		9
32		9
32		9
32		5
32		5
32		5
32		5
33		12
33		12
33		12
33		12
33		14
33		14
33		14
33		14
33		11
33		11
33		11
33		11
33		13
33		13
33		13
33		13
33		6
33		6
33		6
33		6
33		10
33		10
33		10
33		10
33		9
33		9
33		9
33		9
33		5
33		5
33		5
33		5
34		12
34		12
34		12
34		12
34		14
34		14
34		14
34		14
34		11
34		11
34		11
34		11
34		13
34		13
34		13
34		13
34		6
34		6
34		6
34		6
34		10
34		10
34		10
34		10
34		9
34		9
34		9
34		9
34		5
34		5
34		5
34		5
35		12
35		12
35		12
35		12
35		14
35		14
35		14
35		14
35		11
35		11
35		11
35		11
35		13
35		13
35		13
35		13
35		6
35		6
35		6
35		6
35		10
35		10
35		10
35		10
35		9
35		9
35		9
35		9
35		5
35		5
35		5
35		5
36		0
36		0
36		0
36		0
36		2
36		2
36		2
36		2
36		6
36		6
36		6
36		6
36		0
36		0
36		0
36		0
36		0
36		0
36		0
36		0
36		12
36		12
36		12
36		12
36		0
36		0
36		0
36		0
36		12
36		12
36		12
36		12
37		0
37		0
37		0
37		0
37		2
37		2
37		2
37		2
37		6
37		6
37		6
37		6
37		0
37		0
37		0
37		0
37		0
37		0
37		0
37		0
37		12
37		12
37		12
37		12
37		0
37		0
37		0
37		0
37		12
37		12
37		12
37		12
38		0
38		0
38		0
38		0
38		2
38		2
38		2
38		2
38		6
38		6
38		6
38		6
38		0
38		0
38		0
38		0
38		0
38		0
38		0
38		0
38		12
38		12
38		12
38		12
38		0
38		0
38		0
38		0
38		12
38		12
38		12
38		12
39		0
39		0
39		0
39		0
39		2
39		2
39		2
39		2
39		6
39		6
39		6
39		6
39		0
39		0
39		0
39		0
39		0
39		0
39		0
39		0
39		12
39		12
39		12
39		12
39		0
39		0
39		0
39		0
39		12
39		12
39		12
39		12
40		1
40		1
40		1
40		1
40		2
40		2
40		2
40		2
40		6
40		6
40		6
40		6
40		1
40		1
40		1
40		1
40		5
40		5
40		5
40		5
40		6
40		6
40		6
40		6
40		10
40		10
40		10
40		10
40		9
40		9
40		9
40		9
41		1
41		1
41		1
41		1
41		2
41		2
41		2
41		2
41		6
41		6
41		6
41		6
41		1
41		1
41		1
41		1
41		5
41		5
41		5
41		5
41		6
41		6
41		6
41		6
41		10
41		10
41		10
41		10
41		9
41		9
41		9
41		9
42		1
42		1
42		1
42		1
42		2
42		2
42		2
42		2
42		6
42		6
42		6
42		6
42		1
42		1
42		1
42		1
42		5
42		5
42		5
42		5
42		6
42		6
42		6
42		6
42		10
42		10
42		10
42		10
42		9
42		9
42		9
42		9
43		1
43		1
43		1
43		1
43		2
43		2
43		2
43		2
43		6
43		6
43		6
43		6
43		1
43		1
43		1
43		1
43		5
43		5
43		5
43		5
43		6
43		6
43		6
43		6
43		10
43		10
43		10
43		10
43		9
43		9
43		9
43		9
44		12
44		12
44		12
44		12
44		15
44		15
44		15
44		15
44		10
44		10
44		10
44		10
44		13
44		13
44		13
44		13
44		12
44		12
44		12
44		12
44		15
44		15
44		15
44		15
44		12
44		12
44		12
44		12
44		15
44		15
44		15
44		15
45		12
45		12
45		12
45		12
45		15
45		15
45		15
45		15
45		10
45		10
45		10
45		10
45		13
45		13
45		13
45		13
45		12
45		12
45		12
45		12
45		15
45		15
45		15
45		15
45		12
45		12
45		12
45		12
45		15
45		15
45		15
45		15
46		12
46		12
46		12
46		12
46		15
46		15
46		15
46		15
46		10
46		10
46		10
46		10
46		13
46		13
46		13
46		13
46		12
46		12
46		12
46		12
46		15
46		15
46		15
46		15
46		12
46		12
46		12
46		12
46		15
46		15
46		15
46		15
47		12
47		12
47		12
47		12
47		15
47		15
47		15
47		15
47		10
47		10
47		10
47		10
47		13
47		13
47		13
47		13
47		12
47		12
47		12
47		12
47		15
47		15
47		15
47		15
47		12
47		12
47		12
47		12
47		15
47		15
47		15
47		15
48		5
48		5
48		5
48		5
48		13
48		13
48		13
48		13
48		12
48		12
48		12
48		12
48		14
48		14
48		14
48		14
48		15
48		15
48		15
48		15
48		9
48		9
48		9
48		9
48		14
48		14
48		14
48		14
48		6
48		6
48		6
48		6
49		5
49		5
49		5
49		5
49		13
49		13
49		13
49		13
49		12
49		12
49		12
49		12
49		14
49		14
49		14
49		14
49		15
49		15
49		15
49		15
49		9
49		9
49		9
49		9
49		14
49		14
49		14
49		14
49		6
49		6
49		6
49		6
50		5
50		5
50		5
50		5
50		13
50		13
50		13
50		13
50		12
50		12
50		12
50		12
50		14
50		14
50		14
50		14
50		15
50		15
50		15
50		15
50		9
50		9
50		9
50		9
50		14
50		14
50		14
50		14
50		6
50		6
50		6
50		6
51		5
51		5
51		5
51		5
51		13
51		13
51		13
51		13
51		12
51		12
51		12
51		12
51		14
51		14
51		14
51		14
51		15
51		15
51		15
51		15
51		9
51		9
51		9
51		9
51		14
51		14
51		14
51		14
51		6
51		6
51		6
51		6
52		3
52		3
52		3
52		3
52		11
52		11
52		11
52		11
52		5
52		5
52		5
52		5
52		7
52		7
52		7
52		7
52		3
52		3
52		3
52		3
52		5
52		5
52		5
52		5
52		3
52		3
52		3
52		3
52		11
52		11
52		11
52		11
53		3
53		3
53		3
53		3
53		11
53		11
53		11
53		11
53		5
53		5
53		5
53		5
53		7
53		7
53		7
53		7
53		3
53		3
53		3
53		3
53		5
53		5
53		5
53		5
53		3
53		3
53		3
53		3
53		11
53		11
53		11
53		11
54		3
54		3
54		3
54		3
54		11
54		11
54		11
54		11
54		5
54		5
54		5
54		5
54		7
54		7
54		7
54		7
54		3
54		3
54		3
54		3
54		5
54		5
54		5
54		5
54		3
54		3
54		3
54		3
54		11
54		11
54		11
54		11
55		3
55		3
55		3
55		3
55		11
55		11
55		11
55		11
55		5
55		5
55		5
55		5
55		7
55		7
55		7
55		7
55		3
55		3
55		3
55		3
55		5
55		5
55		5
55		5
55		3
55		3
55		3
55		3
55		11
55		11
55		11
55		11
56		6
56		6
56		6
56		6
56		1
56		1
56		1
56		1
56		15
56		15
56		15
56		15
56		2
56		2
56		2
56		2
56		2
56		2
56		2
56		2
56		5
56		5
56		5
56		5
56		3
56		3
56		3
56		3
56		10
56		10
56		10
56		10
57		6
57		6
57		6
57		6
57		1
57		1
57		1
57		1
57		15
57		15
57		15
57		15
57		2
57		2
57		2
57		2
57		2
57		2
57		2
57		2
57		5
57		5
57		5
57		5
57		3
57		3
57		3
57		3
57		10
57		10
57		10
57		10
58		6
58		6
58		6
58		6
58		1
58		1
58		1
58		1
58		15
58		15
58		15
58		15
58		2
58		2
58		2
58		2
58		2
58		2
58		2
58		2
58		5
58		5
58		5
58		5
58		3
58		3
58		3
58		3
58		10
58		10
58		10
58		10
59		6
59		6
59		6
59		6
59		1
59		1
59		1
59		1
59		15
59		15
59		15
59		15
59		2
59		2
59		2
59		2
59		2
59		2
59		2
59		2
59		5
59		5
59		5
59		5
59		3
59		3
59		3
59		3
59		10
59		10
59		10
59		10
60		15
60		15
60		15
60		15
60		8
60		8
60		8
60		8
60		9
60		9
60		9
60		9
60		4
60		4
60		4
60		4
60		15
60		15
60		15
60		15
60		8
60		8
60		8
60		8
60		15
60		15
60		15
60		15
60		6
60		6
60		6
60		6
61		15
61		15
61		15
61		15
61		8
61		8
61		8
61		8
61		9
61		9
61		9
61		9
61		4
61		4
61		4
61		4
61		15
61		15
61		15
61		15
61		8
61		8
61		8
61		8
61		15
61		15
61		15
61		15
61		6
61		6
61		6
61		6
62		15
62		15
62		15
62		15
62		8
62		8
62		8
62		8
62		9
62		9
62		9
62		9
62		4
62		4
62		4
62		4
62		15
62		15
62		15
62		15
62		8
62		8
62		8
62		8
62		15
62		15
62		15
62		15
62		6
62		6
62		6
62		6
63		15
63		15
63		15
63		15
63		8
63		8
63		8
63		8
63		9
63		9
63		9
63		9
63		4
63		4
63		4
63		4
63		15
63		15
63		15
63		15
63		8
63		8
63		8
63		8
63		15
63		15
63		15
63		15
63		6
63		6
63		6
63		6
