输入差分 输出差分
1		4
1		14
1		3
1		5
1		12
1		7
1		8
1		10
1		10
1		13
1		2
1		10
1		8
1		3
1		14
1		5
1		9
1		11
1		4
1		2
1		4
1		5
1		12
1		8
1		3
1		8
1		15
1		5
1		3
1		2
1		7
1		11
2		1
2		4
2		15
2		4
2		11
2		15
2		10
2		7
2		9
2		8
2		12
2		13
2		15
2		5
2		1
2		2
2		13
2		3
2		3
2		7
2		12
2		2
2		2
2		13
2		10
2		8
2		7
2		5
2		15
2		11
2		5
2		11
3		13
3		12
3		9
3		12
3		11
3		3
3		5
3		7
3		0
3		7
3		7
3		14
3		10
3		14
3		9
3		5
3		13
3		4
3		7
3		5
3		9
3		6
3		2
3		14
3		9
3		1
3		1
3		14
3		3
3		5
3		0
3		15
4		1
4		11
4		8
4		7
4		8
4		11
4		7
4		6
4		15
4		13
4		6
4		2
4		11
4		10
4		9
4		1
4		8
4		12
4		7
4		4
4		4
4		8
4		3
4		3
4		7
4		14
4		1
4		5
4		8
4		9
4		14
4		15
5		2
5		14
5		11
5		0
5		8
5		13
5		14
5		4
5		1
5		10
5		1
5		2
5		8
5		1
5		10
5		15
5		2
5		14
5		13
5		5
5		3
5		9
5		4
5		14
5		5
5		5
5		8
5		14
5		2
5		2
5		14
5		12
6		6
6		10
6		1
6		4
6		11
6		1
6		14
6		14
6		7
6		3
6		10
6		6
6		6
6		15
6		10
6		4
6		12
6		7
6		4
6		13
6		4
6		12
6		1
6		7
6		14
6		5
6		15
6		9
6		1
6		10
6		15
6		14
7		12
7		15
7		3
7		7
7		14
7		6
7		8
7		7
7		11
7		14
7		5
7		9
7		1
7		4
7		2
7		8
7		9
7		15
7		10
7		7
7		10
7		3
7		13
7		2
7		10
7		6
7		5
7		4
7		10
7		0
7		0
7		11
8		10
8		13
8		0
8		10
8		3
8		6
8		8
8		12
8		4
8		0
8		14
8		13
8		0
8		13
8		15
8		7
8		2
8		8
8		2
8		6
8		4
8		9
8		9
8		0
8		9
8		15
8		11
8		14
8		6
8		13
8		3
8		13
9		5
9		9
9		14
9		9
9		3
9		7
9		1
9		6
9		13
9		10
9		6
9		13
9		15
9		13
9		7
9		11
9		10
9		12
9		15
9		0
9		14
9		14
9		8
9		3
9		2
9		15
9		4
9		3
9		2
9		3
9		11
9		14
10		12
10		15
10		2
10		11
10		4
10		10
10		5
10		6
10		15
10		13
10		0
10		12
10		13
10		2
10		1
10		13
10		0
10		12
10		5
10		10
10		6
10		4
10		7
10		15
10		1
10		2
10		0
10		14
10		13
10		11
10		15
10		10
11		3
11		12
11		10
11		8
11		6
11		8
11		6
11		11
11		15
11		13
11		15
11		3
11		7
11		5
11		9
11		5
11		5
11		1
11		7
11		5
11		7
11		9
11		10
11		15
11		11
11		13
11		7
11		12
11		3
11		8
11		2
11		4
12		1
12		15
12		12
12		10
12		4
12		11
12		14
12		8
12		10
12		6
12		4
12		11
12		14
12		4
12		5
12		13
12		0
12		5
12		7
12		3
12		4
12		9
12		0
12		1
12		12
12		15
12		3
12		11
12		8
12		6
12		6
12		6
13		0
13		4
13		6
13		3
13		8
13		12
13		12
13		15
13		11
13		13
13		7
13		9
13		3
13		9
13		6
13		9
13		2
13		2
13		1
13		10
13		14
13		10
13		13
13		3
13		1
13		12
13		12
13		6
13		1
13		0
13		15
13		6
14		4
14		2
14		12
14		10
14		2
14		13
14		15
14		15
14		12
14		8
14		13
14		14
14		10
14		9
14		5
14		1
14		7
14		1
14		2
14		5
14		13
14		9
14		12
14		0
14		3
14		7
14		3
14		12
14		10
14		9
14		11
14		15
15		10
15		5
15		7
15		3
15		4
15		15
15		6
15		9
15		3
15		9
15		9
15		13
15		12
15		13
15		12
15		14
15		11
15		13
15		4
15		13
15		6
15		15
15		4
15		2
15		0
15		6
15		10
15		0
15		15
15		2
15		6
15		0
16		4
16		11
16		11
16		0
16		9
16		11
16		14
16		9
16		9
16		11
16		4
16		7
16		6
16		5
16		11
16		11
16		12
16		13
16		4
16		13
16		5
16		7
16		10
16		5
16		14
16		7
16		12
16		2
16		11
16		5
16		13
16		6
17		8
17		8
17		1
17		7
17		11
17		1
17		8
17		11
17		7
17		0
17		7
17		9
17		1
17		15
17		2
17		8
17		5
17		8
17		14
17		2
17		0
17		12
17		15
17		3
17		6
17		6
17		8
17		3
17		8
17		13
17		3
17		3
18		6
18		1
18		5
18		2
18		11
18		3
18		6
18		3
18		12
18		7
18		1
18		2
18		9
18		11
18		15
18		6
18		12
18		1
18		11
18		1
18		4
18		6
18		4
18		14
18		2
18		0
18		14
18		8
18		4
18		2
18		13
18		14
19		0
19		6
19		6
19		4
19		2
19		7
19		2
19		15
19		14
19		5
19		4
19		14
19		11
19		12
19		3
19		6
19		9
19		11
19		9
19		8
19		13
19		4
19		7
19		11
19		5
19		1
19		10
19		6
19		8
19		8
19		7
19		7
20		0
20		4
20		6
20		14
20		2
20		3
20		2
20		3
20		8
20		5
20		8
20		5
20		4
20		12
20		2
20		3
20		4
20		4
20		1
20		11
20		2
20		12
20		13
20		11
20		15
20		3
20		10
20		4
20		14
20		13
20		15
20		7
21		5
21		13
21		11
21		11
21		15
21		12
21		14
21		13
21		12
21		5
21		3
21		5
21		13
21		7
21		7
21		9
21		14
21		6
21		4
21		11
21		0
21		2
21		12
21		3
21		2
21		13
21		9
21		6
21		8
21		8
21		11
21		9
22		5
22		14
22		3
22		14
22		9
22		0
22		2
22		9
22		2
22		11
22		7
22		12
22		5
22		14
22		7
22		2
22		2
22		6
22		0
22		5
22		13
22		15
22		1
22		15
22		9
22		12
22		7
22		11
22		11
22		5
22		4
22		4
23		15
23		11
23		11
23		9
23		8
23		6
23		6
23		7
23		9
23		1
23		13
23		2
23		12
23		12
23		10
23		9
23		6
23		15
23		0
23		5
23		12
23		1
23		14
23		1
23		7
23		4
23		4
23		15
23		10
23		11
23		2
23		3
24		8
24		10
24		4
24		14
24		7
24		5
24		2
24		8
24		11
24		8
24		11
24		15
24		2
24		3
24		3
24		15
24		0
24		0
24		7
24		12
24		8
24		6
24		5
24		6
24		10
24		8
24		15
24		15
24		8
24		7
24		1
24		6
25		0
25		14
25		4
25		5
25		15
25		10
25		3
25		9
25		7
25		0
25		11
25		2
25		10
25		1
25		3
25		4
25		10
25		0
25		0
25		10
25		14
25		4
25		12
25		2
25		11
25		11
25		8
25		10
25		2
25		13
25		9
25		13
26		10
26		1
26		5
26		10
26		0
26		11
26		10
26		12
26		10
26		10
26		7
26		8
26		3
26		2
26		7
26		1
26		13
26		11
26		13
26		3
26		7
26		12
26		4
26		1
26		12
26		5
26		10
26		12
26		12
26		9
26		2
26		3
27		11
27		8
27		15
27		5
27		10
27		11
27		11
27		1
27		5
27		14
27		15
27		13
27		2
27		3
27		2
27		0
27		9
27		0
27		11
27		8
27		12
27		11
27		9
27		1
27		9
27		3
27		2
27		3
27		9
27		9
27		5
27		11
28		15
28		4
28		2
28		5
28		8
28		1
28		1
28		12
28		3
28		11
28		1
28		11
28		2
28		5
28		12
28		7
28		6
28		3
28		12
28		4
28		0
28		0
28		2
28		4
28		7
28		13
28		1
28		12
28		10
28		12
28		9
28		15
29		2
29		10
29		12
29		13
29		0
29		8
29		1
29		2
29		6
29		0
29		0
29		0
29		13
29		0
29		7
29		5
29		0
29		12
29		14
29		9
29		14
29		9
29		4
29		5
29		4
29		14
29		14
29		10
29		10
29		13
29		4
29		10
30		7
30		9
30		7
30		11
30		10
30		3
30		10
30		1
30		2
30		0
30		5
30		10
30		6
30		15
30		10
30		15
30		1
30		6
30		13
30		9
30		2
30		12
30		7
30		4
30		15
30		11
30		2
30		1
30		8
30		6
30		13
30		3
31		6
31		8
31		0
31		14
31		4
31		8
31		2
31		11
31		2
31		9
31		9
31		6
31		12
31		15
31		11
31		13
31		5
31		14
31		6
31		8
31		13
31		5
31		3
31		6
31		13
31		11
31		15
31		3
31		13
31		10
31		3
31		14
32		13
32		6
32		15
32		9
32		0
32		8
32		6
32		12
32		9
32		4
32		2
32		2
32		3
32		0
32		6
32		13
32		1
32		8
32		14
32		8
32		6
32		14
32		4
32		10
32		15
32		11
32		5
32		5
32		7
32		13
32		11
32		2
33		1
33		4
33		5
33		5
33		13
33		13
33		3
33		13
33		4
33		1
33		8
33		2
33		3
33		12
33		8
33		10
33		14
33		12
33		13
33		7
33		13
33		10
33		6
33		2
33		1
33		10
33		3
33		3
33		12
33		11
33		2
33		1
34		5
34		13
34		5
34		13
34		12
34		4
34		8
34		2
34		0
34		7
34		15
34		15
34		3
34		9
34		5
34		4
34		0
34		2
34		7
34		7
34		0
34		11
34		14
34		2
34		7
34		13
34		15
34		1
34		6
34		3
34		8
34		11
35		9
35		14
35		1
35		15
35		9
35		2
35		0
35		15
35		13
35		10
35		11
35		2
35		4
35		6
35		15
35		2
35		4
35		2
35		13
35		5
35		6
35		14
35		3
35		6
35		4
35		10
35		4
35		1
35		8
35		12
35		13
35		7
36		3
36		9
36		4
36		9
36		12
36		12
36		13
36		9
36		12
36		0
36		13
36		13
36		13
36		3
36		5
36		11
36		6
36		12
36		3
36		5
36		14
36		10
36		6
36		4
36		9
36		4
36		9
36		3
36		11
36		4
36		12
36		2
37		9
37		8
37		5
37		13
37		3
37		12
37		8
37		14
37		9
37		5
37		9
37		11
37		6
37		1
37		8
37		9
37		1
37		6
37		9
37		4
37		12
37		14
37		11
37		13
37		10
37		13
37		11
37		4
37		3
37		2
37		9
37		1
38		6
38		7
38		9
38		6
38		4
38		2
38		12
38		4
38		9
38		0
38		8
38		11
38		3
38		4
38		3
38		9
38		14
38		15
38		7
38		15
38		9
38		3
38		2
38		11
38		11
38		1
38		9
38		8
38		0
38		5
38		15
38		11
39		2
39		4
39		3
39		9
39		7
39		13
39		6
39		2
39		11
39		13
39		8
39		2
39		8
39		5
39		10
39		6
39		13
39		14
39		9
39		12
39		13
39		9
39		7
39		1
39		7
39		1
39		2
39		5
39		5
39		11
39		6
39		10
40		10
40		0
40		13
40		14
40		2
40		15
40		2
40		5
40		12
40		15
40		1
40		4
40		13
40		11
40		0
40		2
40		3
40		6
40		12
40		8
40		3
40		6
40		3
40		7
40		0
40		11
40		0
40		15
40		14
40		0
40		1
40		1
41		4
41		11
41		13
41		9
41		9
41		7
41		13
41		10
41		6
41		0
41		13
41		5
41		10
41		15
41		0
41		14
41		5
41		0
41		12
41		3
41		11
41		8
41		14
41		0
41		12
41		15
41		11
41		6
41		14
41		0
41		8
41		2
42		6
42		8
42		0
42		2
42		5
42		6
42		1
42		11
42		14
42		3
42		15
42		7
42		0
42		0
42		5
42		15
42		2
42		3
42		7
42		4
42		1
42		6
42		3
42		15
42		11
42		7
42		6
42		8
42		5
42		2
42		2
42		14
43		0
43		9
43		1
43		7
43		7
43		8
43		7
43		13
43		5
43		3
43		13
43		8
43		3
43		5
43		11
43		11
43		12
43		1
43		9
43		7
43		5
43		11
43		10
43		6
43		2
43		13
43		7
43		3
43		11
43		5
43		5
43		1
44		12
44		13
44		11
44		1
44		15
44		12
44		7
44		2
44		7
44		14
44		5
44		11
44		14
44		5
44		4
44		9
44		5
44		11
44		13
44		15
44		2
44		0
44		4
44		9
44		6
44		4
44		4
44		1
44		4
44		10
44		11
44		15
45		3
45		5
45		1
45		3
45		2
45		4
45		9
45		4
45		1
45		8
45		13
45		8
45		5
45		11
45		1
45		6
45		6
45		2
45		2
45		10
45		8
45		15
45		3
45		12
45		11
45		13
45		3
45		5
45		9
45		0
45		12
45		0
46		13
46		10
46		10
46		6
46		5
46		4
46		3
46		10
46		11
46		6
46		10
46		10
46		12
46		13
46		8
46		12
46		6
46		2
46		4
46		15
46		15
46		0
46		15
46		12
46		10
46		2
46		14
46		6
46		10
46		4
46		12
46		12
47		12
47		15
47		2
47		8
47		2
47		13
47		6
47		0
47		2
47		11
47		15
47		8
47		11
47		10
47		6
47		1
47		2
47		14
47		9
47		4
47		14
47		0
47		2
47		14
47		2
47		12
47		7
47		9
47		10
47		1
47		8
47		11
48		9
48		6
48		10
48		0
48		10
48		0
48		12
48		10
48		3
48		15
48		15
48		12
48		3
48		15
48		1
48		3
48		4
48		10
48		13
48		10
48		8
48		2
48		4
48		10
48		12
48		8
48		2
48		9
48		10
48		1
48		8
48		8
49		13
49		2
49		4
49		6
49		11
49		9
49		13
49		14
49		13
49		4
49		5
49		7
49		12
49		14
49		3
49		7
49		14
49		1
49		8
49		5
49		11
49		2
49		2
49		0
49		0
49		5
49		9
49		14
49		8
49		3
49		12
49		14
50		13
50		6
50		0
50		9
50		10
50		11
50		10
50		9
50		12
50		15
50		3
50		2
50		3
50		0
50		2
50		11
50		5
50		0
50		13
50		7
50		2
50		14
50		9
50		8
50		3
50		8
50		4
50		1
50		11
50		11
50		14
50		0
51		12
51		7
51		7
51		3
51		8
51		3
51		9
51		7
51		1
51		13
51		14
51		0
51		7
51		12
51		1
51		14
51		11
51		15
51		4
51		0
51		11
51		12
51		14
51		10
51		5
51		11
51		12
51		14
51		2
51		6
51		11
51		15
52		11
52		12
52		5
52		3
52		5
52		2
52		11
52		4
52		10
52		10
52		11
52		11
52		9
52		5
52		9
52		9
52		11
52		6
52		11
52		6
52		10
52		5
52		12
52		13
52		8
52		2
52		10
52		13
52		15
52		6
52		11
52		9
53		1
53		2
53		5
53		1
53		3
53		13
53		0
53		2
53		2
53		11
53		9
53		10
53		5
53		8
53		4
53		12
53		15
53		4
53		3
53		4
53		1
53		8
53		4
53		4
53		9
53		0
53		8
53		1
53		8
53		5
53		2
53		9
54		4
54		8
54		0
54		7
54		5
54		0
54		2
54		13
54		3
54		4
54		9
54		13
54		14
54		14
54		5
54		15
54		11
54		9
54		1
54		5
54		8
54		14
54		15
54		2
54		8
54		9
54		0
54		13
54		7
54		7
54		0
54		7
55		15
55		4
55		15
55		15
55		1
55		5
55		14
55		6
55		2
55		1
55		2
55		8
55		11
55		14
55		5
55		2
55		2
55		5
55		11
55		12
55		14
55		13
55		6
55		11
55		4
55		8
55		10
55		14
55		10
55		0
55		15
55		15
56		8
56		5
56		5
56		10
56		2
56		6
56		3
56		9
56		8
56		13
56		8
56		7
56		8
56		0
56		11
56		7
56		13
56		1
56		13
56		14
56		11
56		8
56		7
56		11
56		14
56		1
56		0
56		4
56		5
56		11
56		5
56		8
57		5
57		14
57		13
57		9
57		1
57		15
57		15
57		12
57		2
57		0
57		7
57		3
57		14
57		12
57		14
57		9
57		2
57		3
57		12
57		1
57		9
57		7
57		11
57		6
57		4
57		10
57		15
57		11
57		1
57		2
57		3
57		10
58		5
58		0
58		8
58		13
58		15
58		3
58		10
58		4
58		7
58		10
58		13
58		15
58		13
58		5
58		3
58		1
58		5
58		8
58		7
58		14
58		7
58		1
58		7
58		0
58		14
58		4
58		3
58		2
58		9
58		0
58		9
58		13
59		2
59		2
59		6
59		9
59		1
59		12
59		6
59		12
59		8
59		3
59		7
59		5
59		13
59		5
59		7
59		12
59		14
59		10
59		1
59		2
59		10
59		6
59		3
59		10
59		3
59		14
59		5
59		14
59		3
59		3
59		7
59		11
60		15
60		14
60		12
60		4
60		9
60		15
60		3
60		2
60		9
60		0
60		15
60		8
60		0
60		8
60		9
60		3
60		1
60		11
60		14
60		8
60		15
60		0
60		2
60		3
60		6
60		8
60		11
60		11
60		4
60		0
60		0
60		9
61		5
61		6
61		2
61		11
61		5
61		15
61		15
61		4
61		2
61		1
61		3
61		11
61		5
61		10
61		0
61		4
61		3
61		2
61		15
61		7
61		7
61		2
61		2
61		11
61		2
61		7
61		2
61		6
61		1
61		13
61		3
61		4
62		7
62		4
62		13
62		13
62		9
62		12
62		9
62		5
62		13
62		2
62		2
62		13
62		15
62		9
62		10
62		1
62		14
62		4
62		8
62		13
62		6
62		9
62		11
62		12
62		3
62		0
62		6
62		8
62		7
62		1
62		11
62		1
63		5
63		1
63		1
63		1
63		12
63		13
63		10
63		6
63		10
63		12
63		15
63		0
63		13
63		0
63		14
63		6
63		11
63		7
63		9
63		6
63		3
63		13
63		13
63		1
63		15
63		2
63		15
63		1
63		8
63		9
63		15
63		1
